-1.570796326794896558e+00
-1.553245529847467443e+00
-1.535694732900038550e+00
-1.518143935952609436e+00
-1.500593139005180543e+00
-1.483042342057751428e+00
-1.465491545110322535e+00
-1.447940748162893421e+00
-1.430389951215464528e+00
-1.412839154268035413e+00
-1.395288357320606520e+00
-1.377737560373177406e+00
-1.360186763425748513e+00
-1.342635966478319398e+00
-1.325085169530890283e+00
-1.307534372583461391e+00
-1.289983575636032498e+00
-1.272432778688603383e+00
-1.254881981741174268e+00
-1.237331184793745376e+00
-1.219780387846316483e+00
-1.202229590898887368e+00
-1.184678793951458253e+00
-1.167127997004029361e+00
-1.149577200056600246e+00
-1.132026403109171353e+00
-1.114475606161742238e+00
-1.096924809214313346e+00
-1.079374012266884231e+00
-1.061823215319455116e+00
-1.044272418372026223e+00
-1.026721621424597330e+00
-1.009170824477168216e+00
-9.916200275297392119e-01
-9.740692305823102082e-01
-9.565184336348812044e-01
-9.389676366874522007e-01
-9.214168397400231969e-01
-9.038660427925941931e-01
-8.863152458451651894e-01
-8.687644488977361856e-01
-8.512136519503070708e-01
-8.336628550028780671e-01
-8.161120580554490633e-01
-7.985612611080200596e-01
-7.810104641605910558e-01
-7.634596672131620521e-01
-7.459088702657330483e-01
-7.283580733183040445e-01
-7.108072763708750408e-01
-6.932564794234460370e-01
-6.757056824760170333e-01
-6.581548855285880295e-01
-6.406040885811590258e-01
-6.230532916337300220e-01
-6.055024946863010182e-01
-5.879516977388719035e-01
-5.704009007914430107e-01
-5.528501038440138959e-01
-5.352993068965850032e-01
-5.177485099491558884e-01
-5.001977130017269957e-01
-4.826469160542978809e-01
-4.650961191068689882e-01
-4.475453221594398734e-01
-4.299945252120107586e-01
-4.124437282645818659e-01
-3.948929313171527511e-01
-3.773421343697238584e-01
-3.597913374222947436e-01
-3.422405404748658508e-01
-3.246897435274367361e-01
-3.071389465800078433e-01
-2.895881496325787285e-01
-2.720373526851498358e-01
-2.544865557377207210e-01
-2.369357587902918283e-01
-2.193849618428627135e-01
-2.018341648954338208e-01
-1.842833679480047060e-01
-1.667325710005758133e-01
-1.491817740531466985e-01
-1.316309771057175837e-01
-1.140801801582886910e-01
-9.652938321085957618e-02
-7.897858626343068345e-02
-6.142778931600156866e-02
-4.387699236857267593e-02
-2.632619542114356115e-02
-8.775398473714668413e-03
8.775398473714446368e-03
2.632619542114333910e-02
4.387699236857245388e-02
6.142778931600134662e-02
7.897858626343046140e-02
9.652938321085935414e-02
1.140801801582884689e-01
1.316309771057175837e-01
1.491817740531464764e-01
1.667325710005755912e-01
1.842833679480044839e-01
2.018341648954335987e-01
2.193849618428624915e-01
2.369357587902916062e-01
2.544865557377204990e-01
2.720373526851496138e-01
2.895881496325785065e-01
3.071389465800076213e-01
3.246897435274365140e-01
3.422405404748656288e-01
3.597913374222945215e-01
3.773421343697236363e-01
3.948929313171527511e-01
4.124437282645816438e-01
4.299945252120105366e-01
4.475453221594398734e-01
4.650961191068687661e-01
4.826469160542976589e-01
5.001977130017265516e-01
5.177485099491558884e-01
5.352993068965847812e-01
5.528501038440136739e-01
5.704009007914425666e-01
5.879516977388719035e-01
6.055024946863007962e-01
6.230532916337296889e-01
6.406040885811585817e-01
6.581548855285879185e-01
6.757056824760168112e-01
6.932564794234457040e-01
7.108072763708750408e-01
7.283580733183039335e-01
7.459088702657328263e-01
7.634596672131617190e-01
7.810104641605910558e-01
7.985612611080199486e-01
8.161120580554488413e-01
8.336628550028777340e-01
8.512136519503070708e-01
8.687644488977359636e-01
8.863152458451648563e-01
9.038660427925937491e-01
9.214168397400230859e-01
9.389676366874519786e-01
9.565184336348808714e-01
9.740692305823102082e-01
9.916200275297391009e-01
1.009170824477167994e+00
1.026721621424596886e+00
1.044272418372026223e+00
1.061823215319455116e+00
1.079374012266884009e+00
1.096924809214312901e+00
1.114475606161742238e+00
1.132026403109171131e+00
1.149577200056600024e+00
1.167127997004028916e+00
1.184678793951458253e+00
1.202229590898887146e+00
1.219780387846316039e+00
1.237331184793744931e+00
1.254881981741174268e+00
1.272432778688603161e+00
1.289983575636032054e+00
1.307534372583461391e+00
1.325085169530890283e+00
1.342635966478319176e+00
1.360186763425748069e+00
1.377737560373177406e+00
1.395288357320606298e+00
1.412839154268035191e+00
1.430389951215464084e+00
1.447940748162893421e+00
1.465491545110322313e+00
1.483042342057751206e+00
1.500593139005180099e+00
1.518143935952609436e+00
1.535694732900038328e+00
1.553245529847467221e+00
1.570796326794896558e+00
