-4.800000000000000000e+02
-4.789989572471324095e+02
-4.779979144942648759e+02
-4.769968717413972854e+02
-4.759958289885296949e+02
-4.749947862356621613e+02
-4.739937434827945708e+02
-4.729927007299269803e+02
-4.719916579770594467e+02
-4.709906152241918562e+02
-4.699895724713243226e+02
-4.689885297184567321e+02
-4.679874869655891416e+02
-4.669864442127216080e+02
-4.659854014598540175e+02
-4.649843587069864270e+02
-4.639833159541188934e+02
-4.629822732012513029e+02
-4.619812304483837124e+02
-4.609801876955161788e+02
-4.599791449426485883e+02
-4.589781021897809978e+02
-4.579770594369134642e+02
-4.569760166840458737e+02
-4.559749739311782832e+02
-4.549739311783107496e+02
-4.539728884254431591e+02
-4.529718456725755686e+02
-4.519708029197080350e+02
-4.509697601668404445e+02
-4.499687174139729109e+02
-4.489676746611053204e+02
-4.479666319082377299e+02
-4.469655891553701963e+02
-4.459645464025026058e+02
-4.449635036496350153e+02
-4.439624608967674817e+02
-4.429614181438998912e+02
-4.419603753910323007e+02
-4.409593326381647671e+02
-4.399582898852971766e+02
-4.389572471324295861e+02
-4.379562043795620525e+02
-4.369551616266944620e+02
-4.359541188738269284e+02
-4.349530761209593379e+02
-4.339520333680917474e+02
-4.329509906152242138e+02
-4.319499478623566233e+02
-4.309489051094890328e+02
-4.299478623566214992e+02
-4.289468196037539087e+02
-4.279457768508863182e+02
-4.269447340980187846e+02
-4.259436913451511941e+02
-4.249426485922836036e+02
-4.239416058394160700e+02
-4.229405630865484795e+02
-4.219395203336808891e+02
-4.209384775808133554e+02
-4.199374348279457649e+02
-4.189363920750781745e+02
-4.179353493222106408e+02
-4.169343065693430503e+02
-4.159332638164754599e+02
-4.149322210636079262e+02
-4.139311783107403357e+02
-4.129301355578727453e+02
-4.119290928050052116e+02
-4.109280500521376212e+02
-4.099270072992700307e+02
-4.089259645464024970e+02
-4.079249217935349066e+02
-4.069238790406673729e+02
-4.059228362877997824e+02
-4.049217935349321920e+02
-4.039207507820646583e+02
-4.029197080291970678e+02
-4.019186652763295342e+02
-4.009176225234619437e+02
-3.999165797705943532e+02
-3.989155370177268196e+02
-3.979144942648592291e+02
-3.969134515119916387e+02
-3.959124087591241050e+02
-3.949113660062565145e+02
-3.939103232533889241e+02
-3.929092805005213904e+02
-3.919082377476537999e+02
-3.909071949947862095e+02
-3.899061522419186758e+02
-3.889051094890510853e+02
-3.879040667361834949e+02
-3.869030239833159612e+02
-3.859019812304483708e+02
-3.849009384775807803e+02
-3.838998957247132466e+02
-3.828988529718456562e+02
-3.818978102189780657e+02
-3.808967674661105320e+02
-3.798957247132429416e+02
-3.788946819603753511e+02
-3.778936392075078174e+02
-3.768925964546402270e+02
-3.758915537017726365e+02
-3.748905109489051029e+02
-3.738894681960375124e+02
-3.728884254431699219e+02
-3.718873826903023883e+02
-3.708863399374347978e+02
-3.698852971845672641e+02
-3.688842544316996737e+02
-3.678832116788321400e+02
-3.668821689259645495e+02
-3.658811261730969591e+02
-3.648800834202294254e+02
-3.638790406673618349e+02
-3.628779979144942445e+02
-3.618769551616267108e+02
-3.608759124087591204e+02
-3.598748696558915299e+02
-3.588738269030239962e+02
-3.578727841501564058e+02
-3.568717413972888153e+02
-3.558706986444212816e+02
-3.548696558915536912e+02
-3.538686131386861007e+02
-3.528675703858185670e+02
-3.518665276329509766e+02
-3.508654848800833861e+02
-3.498644421272158525e+02
-3.488633993743482620e+02
-3.478623566214806715e+02
-3.468613138686131379e+02
-3.458602711157455474e+02
-3.448592283628779569e+02
-3.438581856100104233e+02
-3.428571428571428328e+02
-3.418561001042752423e+02
-3.408550573514077087e+02
-3.398540145985401182e+02
-3.388529718456725277e+02
-3.378519290928049941e+02
-3.368508863399374604e+02
-3.358498435870698131e+02
-3.348488008342022795e+02
-3.338477580813347458e+02
-3.328467153284670985e+02
-3.318456725755995649e+02
-3.308446298227320312e+02
-3.298435870698643839e+02
-3.288425443169968503e+02
-3.278415015641293166e+02
-3.268404588112617262e+02
-3.258394160583941357e+02
-3.248383733055266021e+02
-3.238373305526590116e+02
-3.228362877997914211e+02
-3.218352450469238875e+02
-3.208342022940562970e+02
-3.198331595411887065e+02
-3.188321167883211729e+02
-3.178310740354535824e+02
-3.168300312825859919e+02
-3.158289885297184583e+02
-3.148279457768508678e+02
-3.138269030239832773e+02
-3.128258602711157437e+02
-3.118248175182481532e+02
-3.108237747653805627e+02
-3.098227320125130291e+02
-3.088216892596454386e+02
-3.078206465067778481e+02
-3.068196037539103145e+02
-3.058185610010427240e+02
-3.048175182481751335e+02
-3.038164754953075999e+02
-3.028154327424400094e+02
-3.018143899895724189e+02
-3.008133472367048853e+02
-2.998123044838373517e+02
-2.988112617309697043e+02
-2.978102189781021707e+02
-2.968091762252346371e+02
-2.958081334723669897e+02
-2.948070907194994561e+02
-2.938060479666319225e+02
-2.928050052137642751e+02
-2.918039624608967415e+02
-2.908029197080292079e+02
-2.898018769551616174e+02
-2.888008342022940269e+02
-2.877997914494264933e+02
-2.867987486965589028e+02
-2.857977059436913123e+02
-2.847966631908237787e+02
-2.837956204379561882e+02
-2.827945776850885977e+02
-2.817935349322210641e+02
-2.807924921793534736e+02
-2.797914494264858831e+02
-2.787904066736183495e+02
-2.777893639207507590e+02
-2.767883211678831685e+02
-2.757872784150156349e+02
-2.747862356621480444e+02
-2.737851929092804539e+02
-2.727841501564129203e+02
-2.717831074035453298e+02
-2.707820646506777393e+02
-2.697810218978102057e+02
-2.687799791449426152e+02
-2.677789363920750247e+02
-2.667778936392074911e+02
-2.657768508863399006e+02
-2.647758081334723101e+02
-2.637747653806047765e+02
-2.627737226277372429e+02
-2.617726798748695956e+02
-2.607716371220020619e+02
-2.597705943691345283e+02
-2.587695516162668810e+02
-2.577685088633993473e+02
-2.567674661105318137e+02
-2.557664233576642232e+02
-2.547653806047966327e+02
-2.537643378519290707e+02
-2.527632950990615086e+02
-2.517622523461939181e+02
-2.507612095933263561e+02
-2.497601668404587940e+02
-2.487591240875912035e+02
-2.477580813347236415e+02
-2.467570385818560794e+02
-2.457559958289885174e+02
-2.447549530761209269e+02
-2.437539103232533648e+02
-2.427528675703858028e+02
-2.417518248175182123e+02
-2.407507820646506502e+02
-2.397497393117830882e+02
-2.387486965589154977e+02
-2.377476538060479356e+02
-2.367466110531803736e+02
-2.357455683003128115e+02
-2.347445255474452210e+02
-2.337434827945776590e+02
-2.327424400417100969e+02
-2.317413972888425064e+02
-2.307403545359749444e+02
-2.297393117831073823e+02
-2.287382690302397918e+02
-2.277372262773722298e+02
-2.267361835245046677e+02
-2.257351407716371057e+02
-2.247340980187695152e+02
-2.237330552659019531e+02
-2.227320125130343627e+02
-2.217309697601668290e+02
-2.207299270072992385e+02
-2.197288842544316481e+02
-2.187278415015641144e+02
-2.177267987486965239e+02
-2.167257559958289335e+02
-2.157247132429613998e+02
-2.147236704900938093e+02
-2.137226277372262757e+02
-2.127215849843586852e+02
-2.117205422314910948e+02
-2.107194994786235611e+02
-2.097184567257559706e+02
-2.087174139728883802e+02
-2.077163712200208465e+02
-2.067153284671532560e+02
-2.057142857142856656e+02
-2.047132429614181319e+02
-2.037122002085505414e+02
-2.027111574556829510e+02
-2.017101147028154173e+02
-2.007090719499478269e+02
-1.997080291970802364e+02
-1.987069864442127027e+02
-1.977059436913451123e+02
-1.967049009384775218e+02
-1.957038581856099881e+02
-1.947028154327423977e+02
-1.937017726798748640e+02
-1.927007299270072735e+02
-1.916996871741396831e+02
-1.906986444212721494e+02
-1.896976016684045589e+02
-1.886965589155369685e+02
-1.876955161626694348e+02
-1.866944734098018444e+02
-1.856934306569342539e+02
-1.846923879040667202e+02
-1.836913451511991298e+02
-1.826903023983315393e+02
-1.816892596454640056e+02
-1.806882168925964152e+02
-1.796871741397288247e+02
-1.786861313868612910e+02
-1.776850886339937006e+02
-1.766840458811261669e+02
-1.756830031282585765e+02
-1.746819603753909860e+02
-1.736809176225234523e+02
-1.726798748696558619e+02
-1.716788321167882714e+02
-1.706777893639207377e+02
-1.696767466110531473e+02
-1.686757038581855568e+02
-1.676746611053180231e+02
-1.666736183524504327e+02
-1.656725755995828422e+02
-1.646715328467153086e+02
-1.636704900938477181e+02
-1.626694473409801276e+02
-1.616684045881125940e+02
-1.606673618352450035e+02
-1.596663190823774130e+02
-1.586652763295098794e+02
-1.576642335766422889e+02
-1.566631908237747552e+02
-1.556621480709071648e+02
-1.546611053180395743e+02
-1.536600625651720406e+02
-1.526590198123044502e+02
-1.516579770594368597e+02
-1.506569343065693261e+02
-1.496558915537017356e+02
-1.486548488008341451e+02
-1.476538060479666115e+02
-1.466527632950990210e+02
-1.456517205422314305e+02
-1.446506777893638969e+02
-1.436496350364963064e+02
-1.426485922836287159e+02
-1.416475495307611823e+02
-1.406465067778935918e+02
-1.396454640250260582e+02
-1.386444212721584677e+02
-1.376433785192908772e+02
-1.366423357664233436e+02
-1.356412930135557531e+02
-1.346402502606881626e+02
-1.336392075078206290e+02
-1.326381647549530385e+02
-1.316371220020854480e+02
-1.306360792492179144e+02
-1.296350364963503239e+02
-1.286339937434827334e+02
-1.276329509906151998e+02
-1.266319082377476093e+02
-1.256308654848800188e+02
-1.246298227320124852e+02
-1.236287799791448947e+02
-1.226277372262773611e+02
-1.216266944734097706e+02
-1.206256517205421801e+02
-1.196246089676746465e+02
-1.186235662148070560e+02
-1.176225234619394655e+02
-1.166214807090719319e+02
-1.156204379562043414e+02
-1.146193952033367509e+02
-1.136183524504692173e+02
-1.126173096976016268e+02
-1.116162669447340363e+02
-1.106152241918665027e+02
-1.096141814389989122e+02
-1.086131386861313217e+02
-1.076120959332637881e+02
-1.066110531803961976e+02
-1.056100104275286071e+02
-1.046089676746610735e+02
-1.036079249217934830e+02
-1.026068821689259494e+02
-1.016058394160583589e+02
-1.006047966631907684e+02
-9.960375391032323478e+01
-9.860271115745564430e+01
-9.760166840458805382e+01
-9.660062565172052018e+01
-9.559958289885292970e+01
-9.459854014598533922e+01
-9.359749739311780559e+01
-9.259645464025021511e+01
-9.159541188738262463e+01
-9.059436913451509099e+01
-8.959332638164750051e+01
-8.859228362877991003e+01
-8.759124087591237640e+01
-8.659019812304478592e+01
-8.558915537017725228e+01
-8.458811261730966180e+01
-8.358706986444207132e+01
-8.258602711157453768e+01
-8.158498435870694721e+01
-8.058394160583935673e+01
-7.958289885297182309e+01
-7.858185610010423261e+01
-7.758081334723664213e+01
-7.657977059436910849e+01
-7.557872784150151801e+01
-7.457768508863392753e+01
-7.357664233576639390e+01
-7.257559958289880342e+01
-7.157455683003121294e+01
-7.057351407716367930e+01
-6.957247132429608882e+01
-6.857142857142849834e+01
-6.757038581856096471e+01
-6.656934306569337423e+01
-6.556830031282584059e+01
-6.456725755995825011e+01
-6.356621480709065963e+01
-6.256517205422312600e+01
-6.156412930135553552e+01
-6.056308654848794504e+01
-5.956204379562041140e+01
-5.856100104275282092e+01
-5.755995828988523044e+01
-5.655891553701769681e+01
-5.555787278415010633e+01
-5.455683003128251585e+01
-5.355578727841498221e+01
-5.255474452554739173e+01
-5.155370177267980125e+01
-5.055265901981226762e+01
-4.955161626694467714e+01
-4.855057351407714350e+01
-4.754953076120955302e+01
-4.654848800834196254e+01
-4.554744525547442890e+01
-4.454640250260683842e+01
-4.354535974973924795e+01
-4.254431699687171431e+01
-4.154327424400412383e+01
-4.054223149113653335e+01
-3.954118873826899971e+01
-3.854014598540140923e+01
-3.753910323253381875e+01
-3.653806047966628512e+01
-3.553701772679869464e+01
-3.453597497393110416e+01
-3.353493222106357052e+01
-3.253388946819598004e+01
-3.153284671532844641e+01
-3.053180396246085593e+01
-2.953076120959326545e+01
-2.852971845672573181e+01
-2.752867570385814133e+01
-2.652763295099055085e+01
-2.552659019812301722e+01
-2.452554744525542674e+01
-2.352450469238783626e+01
-2.252346193952030262e+01
-2.152241918665271214e+01
-2.052137643378512166e+01
-1.952033368091758803e+01
-1.851929092804999755e+01
-1.751824817518240707e+01
-1.651720542231487343e+01
-1.551616266944728295e+01
-1.451511991657969247e+01
-1.351407716371215884e+01
-1.251303441084456836e+01
-1.151199165797703472e+01
-1.051094890510944424e+01
-9.509906152241853761e+00
-8.508863399374320124e+00
-7.507820646506729645e+00
-6.506777893639139165e+00
-5.505735140771605529e+00
-4.504692387904015050e+00
-3.503649635036424570e+00
-2.502606882168890934e+00
-1.501564129301300454e+00
-5.005213764337099747e-01
5.005213764338236615e-01
1.501564129301414141e+00
2.502606882169004621e+00
3.503649635036538257e+00
4.504692387904128736e+00
5.505735140771662373e+00
6.506777893639252852e+00
7.507820646506843332e+00
8.508863399374376968e+00
9.509906152241967447e+00
1.051094890510955793e+01
1.151199165797709156e+01
1.251303441084468204e+01
1.351407716371227252e+01
1.451511991657980616e+01
1.551616266944739664e+01
1.651720542231498712e+01
1.751824817518252075e+01
1.851929092805011123e+01
1.952033368091770171e+01
2.052137643378523535e+01
2.152241918665282583e+01
2.252346193952041631e+01
2.352450469238794994e+01
2.452554744525554042e+01
2.552659019812307406e+01
2.652763295099066454e+01
2.752867570385825502e+01
2.852971845672578866e+01
2.953076120959337914e+01
3.053180396246096961e+01
3.153284671532850325e+01
3.253388946819609373e+01
3.353493222106362737e+01
3.453597497393127469e+01
3.553701772679880833e+01
3.653806047966634196e+01
3.753910323253398929e+01
3.854014598540152292e+01
3.954118873826905656e+01
4.054223149113670388e+01
4.154327424400423752e+01
4.254431699687177115e+01
4.354535974973941848e+01
4.454640250260695211e+01
4.554744525547448575e+01
4.654848800834213307e+01
4.754953076120966671e+01
4.855057351407720034e+01
4.955161626694484767e+01
5.055265901981238130e+01
5.155370177267991494e+01
5.255474452554744857e+01
5.355578727841509590e+01
5.455683003128262953e+01
5.555787278415016317e+01
5.655891553701781049e+01
5.755995828988534413e+01
5.856100104275287777e+01
5.956204379562052509e+01
6.056308654848805872e+01
6.156412930135559236e+01
6.256517205422323968e+01
6.356621480709077332e+01
6.456725755995830696e+01
6.556830031282595428e+01
6.656934306569348792e+01
6.757038581856102155e+01
6.857142857142866887e+01
6.957247132429620251e+01
7.057351407716373615e+01
7.157455683003138347e+01
7.257559958289891711e+01
7.357664233576645074e+01
7.457768508863409807e+01
7.557872784150163170e+01
7.657977059436916534e+01
7.758081334723681266e+01
7.858185610010434630e+01
7.958289885297187993e+01
8.058394160583952726e+01
8.158498435870706089e+01
8.258602711157459453e+01
8.358706986444224185e+01
8.458811261730977549e+01
8.558915537017730912e+01
8.659019812304495645e+01
8.759124087591249008e+01
8.859228362878002372e+01
8.959332638164755735e+01
9.059436913451520468e+01
9.159541188738273831e+01
9.259645464025027195e+01
9.359749739311791927e+01
9.459854014598545291e+01
9.559958289885298655e+01
9.660062565172063387e+01
9.760166840458816750e+01
9.860271115745570114e+01
9.960375391032334846e+01
1.006047966631908821e+02
1.016058394160584157e+02
1.026068821689260631e+02
1.036079249217935967e+02
1.046089676746611303e+02
1.056100104275287777e+02
1.066110531803963113e+02
1.076120959332638449e+02
1.086131386861314922e+02
1.096141814389990259e+02
1.106152241918665595e+02
1.116162669447342068e+02
1.126173096976017405e+02
1.136183524504692741e+02
1.146193952033369214e+02
1.156204379562044551e+02
1.166214807090719887e+02
1.176225234619396360e+02
1.186235662148071697e+02
1.196246089676747033e+02
1.206256517205423506e+02
1.216266944734098843e+02
1.226277372262774179e+02
1.236287799791450652e+02
1.246298227320125989e+02
1.256308654848801325e+02
1.266319082377476661e+02
1.276329509906153135e+02
1.286339937434828471e+02
1.296350364963503807e+02
1.306360792492180281e+02
1.316371220020855617e+02
1.326381647549530953e+02
1.336392075078207426e+02
1.346402502606882763e+02
1.356412930135558099e+02
1.366423357664234572e+02
1.376433785192909909e+02
1.386444212721585245e+02
1.396454640250261718e+02
1.406465067778937055e+02
1.416475495307612391e+02
1.426485922836288864e+02
1.436496350364964201e+02
1.446506777893639537e+02
1.456517205422316010e+02
1.466527632950991347e+02
1.476538060479666683e+02
1.486548488008343156e+02
1.496558915537018493e+02
1.506569343065693829e+02
1.516579770594370302e+02
1.526590198123045639e+02
1.536600625651720975e+02
1.546611053180397448e+02
1.556621480709072785e+02
1.566631908237748121e+02
1.576642335766424594e+02
1.586652763295099930e+02
1.596663190823775267e+02
1.606673618352451740e+02
1.616684045881127076e+02
1.626694473409802413e+02
1.636704900938477749e+02
1.646715328467154222e+02
1.656725755995829559e+02
1.666736183524504895e+02
1.676746611053181368e+02
1.686757038581856705e+02
1.696767466110532041e+02
1.706777893639208514e+02
1.716788321167883851e+02
1.726798748696559187e+02
1.736809176225235660e+02
1.746819603753910997e+02
1.756830031282586333e+02
1.766840458811262806e+02
1.776850886339938143e+02
1.786861313868613479e+02
1.796871741397289952e+02
1.806882168925965289e+02
1.816892596454640625e+02
1.826903023983317098e+02
1.836913451511992434e+02
1.846923879040667771e+02
1.856934306569344244e+02
1.866944734098019580e+02
1.876955161626694917e+02
1.886965589155371390e+02
1.896976016684046726e+02
1.906986444212722063e+02
1.916996871741398536e+02
1.927007299270073872e+02
1.937017726798749209e+02
1.947028154327425682e+02
1.957038581856101018e+02
1.967049009384776355e+02
1.977059436913451691e+02
1.987069864442128164e+02
1.997080291970803501e+02
2.007090719499478837e+02
2.017101147028155310e+02
2.027111574556830647e+02
2.037122002085505983e+02
2.047132429614182456e+02
2.057142857142857792e+02
2.067153284671533129e+02
2.077163712200209602e+02
2.087174139728884938e+02
2.097184567257560275e+02
2.107194994786236748e+02
2.117205422314912084e+02
2.127215849843587421e+02
2.137226277372263894e+02
2.147236704900939230e+02
2.157247132429614567e+02
2.167257559958291040e+02
2.177267987486966376e+02
2.187278415015641713e+02
2.197288842544318186e+02
2.207299270072993522e+02
2.217309697601668859e+02
2.227320125130345332e+02
2.237330552659020668e+02
2.247340980187696005e+02
2.257351407716372478e+02
2.267361835245047814e+02
2.277372262773723151e+02
2.287382690302399624e+02
2.297393117831074960e+02
2.307403545359750296e+02
2.317413972888426770e+02
2.327424400417102106e+02
2.337434827945777442e+02
2.347445255474452779e+02
2.357455683003129252e+02
2.367466110531804588e+02
2.377476538060479925e+02
2.387486965589156398e+02
2.397497393117831734e+02
2.407507820646507071e+02
2.417518248175183544e+02
2.427528675703858880e+02
2.437539103232534217e+02
2.447549530761210690e+02
2.457559958289886026e+02
2.467570385818561363e+02
2.477580813347237836e+02
2.487591240875913172e+02
2.497601668404588509e+02
2.507612095933264982e+02
2.517622523461940318e+02
2.527632950990615655e+02
2.537643378519292128e+02
2.547653806047967464e+02
2.557664233576642800e+02
2.567674661105319274e+02
2.577685088633994610e+02
2.587695516162669946e+02
2.597705943691346420e+02
2.607716371220021756e+02
2.617726798748697092e+02
2.627737226277373566e+02
2.637747653806048902e+02
2.647758081334724238e+02
2.657768508863400712e+02
2.667778936392076048e+02
2.677789363920751384e+02
2.687799791449427858e+02
2.697810218978103194e+02
2.707820646506778530e+02
2.717831074035453867e+02
2.727841501564130340e+02
2.737851929092805676e+02
2.747862356621481013e+02
2.757872784150157486e+02
2.767883211678832822e+02
2.777893639207508159e+02
2.787904066736184632e+02
2.797914494264859968e+02
2.807924921793535304e+02
2.817935349322211778e+02
2.827945776850887114e+02
2.837956204379562450e+02
2.847966631908238924e+02
2.857977059436914260e+02
2.867987486965589596e+02
2.877997914494266070e+02
2.888008342022941406e+02
2.898018769551616742e+02
2.908029197080293216e+02
2.918039624608968552e+02
2.928050052137643888e+02
2.938060479666320362e+02
2.948070907194995698e+02
2.958081334723671034e+02
2.968091762252347507e+02
2.978102189781022844e+02
2.988112617309698180e+02
2.998123044838374653e+02
3.008133472367049990e+02
3.018143899895725326e+02
3.028154327424401799e+02
3.038164754953077136e+02
3.048175182481752472e+02
3.058185610010428945e+02
3.068196037539104282e+02
3.078206465067779618e+02
3.088216892596454954e+02
3.098227320125131428e+02
3.108237747653806764e+02
3.118248175182482100e+02
3.128258602711158574e+02
3.138269030239833910e+02
3.148279457768509246e+02
3.158289885297185720e+02
3.168300312825861056e+02
3.178310740354536392e+02
3.188321167883212865e+02
3.198331595411888202e+02
3.208342022940563538e+02
3.218352450469240011e+02
3.228362877997915348e+02
3.238373305526590684e+02
3.248383733055267157e+02
3.258394160583942494e+02
3.268404588112617830e+02
3.278415015641294303e+02
3.288425443169969640e+02
3.298435870698644976e+02
3.308446298227321449e+02
3.318456725755996786e+02
3.328467153284672122e+02
3.338477580813348595e+02
3.348488008342023932e+02
3.358498435870699268e+02
3.368508863399375741e+02
3.378519290928051078e+02
3.388529718456726414e+02
3.398540145985402887e+02
3.408550573514078224e+02
3.418561001042753560e+02
3.428571428571430033e+02
3.438581856100105369e+02
3.448592283628780706e+02
3.458602711157456042e+02
3.468613138686132515e+02
3.478623566214807852e+02
3.488633993743483188e+02
3.498644421272159661e+02
3.508654848800834998e+02
3.518665276329510334e+02
3.528675703858186807e+02
3.538686131386862144e+02
3.548696558915537480e+02
3.558706986444213953e+02
3.568717413972889290e+02
3.578727841501564626e+02
3.588738269030241099e+02
3.598748696558916436e+02
3.608759124087591772e+02
3.618769551616268245e+02
3.628779979144943582e+02
3.638790406673618918e+02
3.648800834202295391e+02
3.658811261730970728e+02
3.668821689259646064e+02
3.678832116788322537e+02
3.688842544316997873e+02
3.698852971845673210e+02
3.708863399374349683e+02
3.718873826903025019e+02
3.728884254431700356e+02
3.738894681960376829e+02
3.748905109489052165e+02
3.758915537017727502e+02
3.768925964546403975e+02
3.778936392075079311e+02
3.788946819603754648e+02
3.798957247132431121e+02
3.808967674661106457e+02
3.818978102189781794e+02
3.828988529718457130e+02
3.838998957247133603e+02
3.849009384775808940e+02
3.859019812304484276e+02
3.869030239833160749e+02
3.879040667361836086e+02
3.889051094890511422e+02
3.899061522419187895e+02
3.909071949947863232e+02
3.919082377476538568e+02
3.929092805005215041e+02
3.939103232533890377e+02
3.949113660062565714e+02
3.959124087591242187e+02
3.969134515119917523e+02
3.979144942648592860e+02
3.989155370177269333e+02
3.999165797705944669e+02
4.009176225234620006e+02
4.019186652763296479e+02
4.029197080291971815e+02
4.039207507820647152e+02
4.049217935349323625e+02
4.059228362877998961e+02
4.069238790406674298e+02
4.079249217935350771e+02
4.089259645464026107e+02
4.099270072992701444e+02
4.109280500521377917e+02
4.119290928050053253e+02
4.129301355578728590e+02
4.139311783107405063e+02
4.149322210636080399e+02
4.159332638164755735e+02
4.169343065693431072e+02
4.179353493222107545e+02
4.189363920750782881e+02
4.199374348279458218e+02
4.209384775808134691e+02
4.219395203336810027e+02
4.229405630865485364e+02
4.239416058394161837e+02
4.249426485922837173e+02
4.259436913451512510e+02
4.269447340980188983e+02
4.279457768508864319e+02
4.289468196037539656e+02
4.299478623566216129e+02
4.309489051094891465e+02
4.319499478623566802e+02
4.329509906152243275e+02
4.339520333680918611e+02
4.349530761209593948e+02
4.359541188738270421e+02
4.369551616266945757e+02
4.379562043795621094e+02
4.389572471324297567e+02
4.399582898852972903e+02
4.409593326381648239e+02
4.419603753910324713e+02
4.429614181439000049e+02
4.439624608967675385e+02
4.449635036496351859e+02
4.459645464025027195e+02
4.469655891553702531e+02
4.479666319082379005e+02
4.489676746611054341e+02
4.499687174139729677e+02
4.509697601668406151e+02
4.519708029197081487e+02
4.529718456725756823e+02
4.539728884254432160e+02
4.549739311783108633e+02
4.559749739311783969e+02
4.569760166840459306e+02
4.579770594369135779e+02
4.589781021897811115e+02
4.599791449426486452e+02
4.609801876955162925e+02
4.619812304483838261e+02
4.629822732012513598e+02
4.639833159541190071e+02
4.649843587069865407e+02
4.659854014598540743e+02
4.669864442127217217e+02
4.679874869655892553e+02
4.689885297184567889e+02
4.699895724713244363e+02
4.709906152241919699e+02
4.719916579770595035e+02
4.729927007299271509e+02
4.739937434827946845e+02
4.749947862356622181e+02
4.759958289885298655e+02
4.769968717413973991e+02
4.779979144942649327e+02
4.789989572471325801e+02
4.800000000000000000e+02
